3.144653380139684345e-02
2.955204622225140673e-02
5.765596649866795431e-01
2.589018537520362262e-01
1.035399012376361089e-01
5.188139158295708431e-02
5.082493605523357577e-02
5.093723496814377416e-01
2.457057873880655607e-01
1.422155352923060723e-01
4.284839125839125934e-02
4.137734285980688986e-02
5.416301293928887928e-01
2.504887634732468893e-01
1.236553730156662867e-01
4.809788217021309098e-01
2.388724191809378505e-01
2.065463238919641453e-01
3.916589093768772789e-02
3.443654428727960237e-02
6.201855234820679019e-01
1.369908905279627886e-01
2.105623543392188823e-01
2.002718773661111076e-02
1.223404391413941174e-02
6.277607221328963538e-01
1.268614281232425256e-01
2.093729571003132284e-01
2.221581641339599386e-02
1.378907623015187753e-02
1.134792065497953195e-01
1.064449011078824336e-01
1.082646027553950951e-01
1.117388327939211473e-01
5.600724567930059905e-01
1.127858532266304142e-01
1.077462848507531462e-01
1.090286386980682809e-01
1.115160157646603173e-01
5.589232074598878830e-01
1.181910668650335006e-01
9.785738401220028804e-02
1.032627314090246162e-01
1.132841879650403477e-01
5.674046297487013168e-01
3.165340994857887558e-02
6.690608914541834595e-01
2.252909949894003894e-01
3.523642026365666341e-02
3.875828334418064680e-02
6.232660566944155794e-03
8.061423139445217378e-01
1.681947626600788226e-01
8.312066044398842141e-03
1.111819678405623346e-02
2.179027259241508516e-02
5.423037766527528669e-01
3.648862360313246400e-01
2.763796169482634485e-02
4.338175302868097633e-02
