3.406338094172824127e-02 2.585352546899803011e-02 -1.386791091216968246e-02 -1.391552864684955128e-02 -1.023990519285924994e-02
3.406338094172824127e-02 2.585352546899803011e-02 -1.386791091216968246e-02 -1.391552864684955128e-02 -1.023990519285924994e-02
3.406338094172824127e-02 2.585352546899803011e-02 -1.386791091216968246e-02 -1.391552864684955128e-02 -1.023990519285924994e-02
3.406338094172824127e-02 2.585352546899803011e-02 -1.386791091216968246e-02 -1.391552864684955128e-02 -1.023990519285924994e-02
3.406338094172824127e-02 2.585352546899803011e-02 -1.386791091216968246e-02 -1.391552864684955128e-02 -1.023990519285924994e-02
2.704402169439048750e-02 1.995730399505997454e-02 -1.336875648365788878e-02 -1.357129982794619792e-02 -1.245628276676217019e-02
2.704402169439048750e-02 1.995730399505997454e-02 -1.336875648365788878e-02 -1.357129982794619792e-02 -1.245628276676217019e-02
2.704402169439048750e-02 1.995730399505997454e-02 -1.336875648365788878e-02 -1.357129982794619792e-02 -1.245628276676217019e-02
2.704402169439048750e-02 1.995730399505997454e-02 -1.336875648365788878e-02 -1.357129982794619792e-02 -1.245628276676217019e-02
2.704402169439048750e-02 1.995730399505997454e-02 -1.336875648365788878e-02 -1.357129982794619792e-02 -1.245628276676217019e-02
2.033457768895474346e-02 1.533105492959825449e-02 -1.093658477601881784e-02 -1.106391334327614176e-02 -7.095379031578635289e-03
2.033457768895474346e-02 1.533105492959825449e-02 -1.093658477601881784e-02 -1.106391334327614176e-02 -7.095379031578635289e-03
2.033457768895474346e-02 1.533105492959825449e-02 -1.093658477601881784e-02 -1.106391334327614176e-02 -7.095379031578635289e-03
2.033457768895474346e-02 1.533105492959825449e-02 -1.093658477601881784e-02 -1.106391334327614176e-02 -7.095379031578635289e-03
2.033457768895474346e-02 1.533105492959825449e-02 -1.093658477601881784e-02 -1.106391334327614176e-02 -7.095379031578635289e-03
-1.298567406000294966e-02 -8.703914573644446276e-03 -1.174359328964269880e-02 1.025657474148313278e-02 3.923198757443319834e-02
-1.298567406000294966e-02 -8.703914573644446276e-03 -1.174359328964269880e-02 1.025657474148313278e-02 3.923198757443319834e-02
-1.298567406000294966e-02 -8.703914573644446276e-03 -1.174359328964269880e-02 1.025657474148313278e-02 3.923198757443319834e-02
-1.298567406000294966e-02 -8.703914573644446276e-03 -1.174359328964269880e-02 1.025657474148313278e-02 3.923198757443319834e-02
-1.298567406000294966e-02 -8.703914573644446276e-03 -1.174359328964269880e-02 1.025657474148313278e-02 3.923198757443319834e-02
-5.611847919450702743e-03 -1.149190864954862182e-02 -6.233737436500632126e-03 -7.210432243862000164e-03 4.743192847804094531e-02
-5.611847919450702743e-03 -1.149190864954862182e-02 -6.233737436500632126e-03 -7.210432243862000164e-03 4.743192847804094531e-02
-5.611847919450702743e-03 -1.149190864954862182e-02 -6.233737436500632126e-03 -7.210432243862000164e-03 4.743192847804094531e-02
-5.611847919450702743e-03 -1.149190864954862182e-02 -6.233737436500632126e-03 -7.210432243862000164e-03 4.743192847804094531e-02
-5.611847919450702743e-03 -1.149190864954862182e-02 -6.233737436500632126e-03 -7.210432243862000164e-03 4.743192847804094531e-02
-1.020164719033988046e-02 -1.366446672796477711e-02 -1.070492461162748758e-02 5.921744401293269934e-03 5.223233195464741657e-02
-1.020164719033988046e-02 -1.366446672796477711e-02 -1.070492461162748758e-02 5.921744401293269934e-03 5.223233195464741657e-02
-1.020164719033988046e-02 -1.366446672796477711e-02 -1.070492461162748758e-02 5.921744401293269934e-03 5.223233195464741657e-02
-1.020164719033988046e-02 -1.366446672796477711e-02 -1.070492461162748758e-02 5.921744401293269934e-03 5.223233195464741657e-02
-1.020164719033988046e-02 -1.366446672796477711e-02 -1.070492461162748758e-02 5.921744401293269934e-03 5.223233195464741657e-02
-3.491491360309606148e-03 7.248227582054287028e-03 1.515063261450194914e-03 -2.730045409354266584e-03 -2.977023283038419607e-03
-3.491491360309606148e-03 7.248227582054287028e-03 1.515063261450194914e-03 -2.730045409354266584e-03 -2.977023283038419607e-03
-3.491491360309606148e-03 7.248227582054287028e-03 1.515063261450194914e-03 -2.730045409354266584e-03 -2.977023283038419607e-03
-3.491491360309606148e-03 7.248227582054287028e-03 1.515063261450194914e-03 -2.730045409354266584e-03 -2.977023283038419607e-03
-3.491491360309606148e-03 7.248227582054287028e-03 1.515063261450194914e-03 -2.730045409354266584e-03 -2.977023283038419607e-03
-3.276301623452238746e-03 6.068138990260344041e-03 1.722138457525980654e-03 -2.475187151158614492e-03 -2.736098780492278188e-03
-3.276301623452238746e-03 6.068138990260344041e-03 1.722138457525980654e-03 -2.475187151158614492e-03 -2.736098780492278188e-03
-3.276301623452238746e-03 6.068138990260344041e-03 1.722138457525980654e-03 -2.475187151158614492e-03 -2.736098780492278188e-03
-3.276301623452238746e-03 6.068138990260344041e-03 1.722138457525980654e-03 -2.475187151158614492e-03 -2.736098780492278188e-03
-3.276301623452238746e-03 6.068138990260344041e-03 1.722138457525980654e-03 -2.475187151158614492e-03 -2.736098780492278188e-03
-7.361800993334268947e-03 1.986521992179593118e-02 -1.416362537243593582e-03 -6.693937689332980952e-03 -6.795343062530601920e-03
-7.361800993334268947e-03 1.986521992179593118e-02 -1.416362537243593582e-03 -6.693937689332980952e-03 -6.795343062530601920e-03
-7.361800993334268947e-03 1.986521992179593118e-02 -1.416362537243593582e-03 -6.693937689332980952e-03 -6.795343062530601920e-03
-7.361800993334268947e-03 1.986521992179593118e-02 -1.416362537243593582e-03 -6.693937689332980952e-03 -6.795343062530601920e-03
-7.361800993334268947e-03 1.986521992179593118e-02 -1.416362537243593582e-03 -6.693937689332980952e-03 -6.795343062530601920e-03
2.002234953058281558e-02 -1.101433220584221301e-02 -1.147213220980391329e-02 1.556872970218784076e-02 -2.050197753236374446e-03
2.002234953058281558e-02 -1.101433220584221301e-02 -1.147213220980391329e-02 1.556872970218784076e-02 -2.050197753236374446e-03
2.002234953058281558e-02 -1.101433220584221301e-02 -1.147213220980391329e-02 1.556872970218784076e-02 -2.050197753236374446e-03
2.002234953058281558e-02 -1.101433220584221301e-02 -1.147213220980391329e-02 1.556872970218784076e-02 -2.050197753236374446e-03
2.002234953058281558e-02 -1.101433220584221301e-02 -1.147213220980391329e-02 1.556872970218784076e-02 -2.050197753236374446e-03
4.180307578603130458e-02 -1.226752473692817487e-02 -1.552682858098285504e-02 3.090147057303274658e-02 -9.213346124722032043e-03
4.180307578603130458e-02 -1.226752473692817487e-02 -1.552682858098285504e-02 3.090147057303274658e-02 -9.213346124722032043e-03
4.180307578603130458e-02 -1.226752473692817487e-02 -1.552682858098285504e-02 3.090147057303274658e-02 -9.213346124722032043e-03
4.180307578603130458e-02 -1.226752473692817487e-02 -1.552682858098285504e-02 3.090147057303274658e-02 -9.213346124722032043e-03
4.180307578603130458e-02 -1.226752473692817487e-02 -1.552682858098285504e-02 3.090147057303274658e-02 -9.213346124722032043e-03
3.096690341022143370e-02 -7.074919599256277239e-03 -1.050978031445097202e-02 2.021402585524669990e-02 -1.140622390925226208e-02
3.096690341022143370e-02 -7.074919599256277239e-03 -1.050978031445097202e-02 2.021402585524669990e-02 -1.140622390925226208e-02
3.096690341022143370e-02 -7.074919599256277239e-03 -1.050978031445097202e-02 2.021402585524669990e-02 -1.140622390925226208e-02
3.096690341022143370e-02 -7.074919599256277239e-03 -1.050978031445097202e-02 2.021402585524669990e-02 -1.140622390925226208e-02
3.096690341022143370e-02 -7.074919599256277239e-03 -1.050978031445097202e-02 2.021402585524669990e-02 -1.140622390925226208e-02
