5.945003847053651480e-01 5.548553834249637662e-01 9.237712306983313082e-02 9.719558470994703325e-02 2.659598412229547404e-01
5.945003847053651480e-01 5.548553834249637662e-01 9.237712306983313082e-02 9.719558470994703325e-02 2.659598412229547404e-01
5.945003847053651480e-01 5.548553834249637662e-01 9.237712306983313082e-02 9.719558470994703325e-02 2.659598412229547404e-01
5.945003847053651480e-01 5.548553834249637662e-01 9.237712306983313082e-02 9.719558470994703325e-02 2.659598412229547404e-01
5.945003847053651480e-01 5.548553834249637662e-01 9.237712306983313082e-02 9.719558470994703325e-02 2.659598412229547404e-01
2.936152513618553450e-01 2.765190509668783991e-01 6.772709307647999111e-02 6.957811198767670235e-02 1.544480210254106090e-01
2.936152513618553450e-01 2.765190509668783991e-01 6.772709307647999111e-02 6.957811198767670235e-02 1.544480210254106090e-01
2.936152513618553450e-01 2.765190509668783991e-01 6.772709307647999111e-02 6.957811198767670235e-02 1.544480210254106090e-01
2.936152513618553450e-01 2.765190509668783991e-01 6.772709307647999111e-02 6.957811198767670235e-02 1.544480210254106090e-01
2.936152513618553450e-01 2.765190509668783991e-01 6.772709307647999111e-02 6.957811198767670235e-02 1.544480210254106090e-01
3.910590318084969930e-01 3.683717547122433711e-01 8.139641464066821319e-02 8.475250828170055595e-02 2.025790175074690946e-01
3.910590318084969930e-01 3.683717547122433711e-01 8.139641464066821319e-02 8.475250828170055595e-02 2.025790175074690946e-01
3.910590318084969930e-01 3.683717547122433711e-01 8.139641464066821319e-02 8.475250828170055595e-02 2.025790175074690946e-01
3.910590318084969930e-01 3.683717547122433711e-01 8.139641464066821319e-02 8.475250828170055595e-02 2.025790175074690946e-01
3.910590318084969930e-01 3.683717547122433711e-01 8.139641464066821319e-02 8.475250828170055595e-02 2.025790175074690946e-01
1.229852972848350656e-01 2.258826726907808002e-01 1.478638371968508669e-01 3.412295122855458218e-01 4.379276813466607687e-01
1.229852972848350656e-01 2.258826726907808002e-01 1.478638371968508669e-01 3.412295122855458218e-01 4.379276813466607687e-01
1.229852972848350656e-01 2.258826726907808002e-01 1.478638371968508669e-01 3.412295122855458218e-01 4.379276813466607687e-01
1.229852972848350656e-01 2.258826726907808002e-01 1.478638371968508669e-01 3.412295122855458218e-01 4.379276813466607687e-01
1.229852972848350656e-01 2.258826726907808002e-01 1.478638371968508669e-01 3.412295122855458218e-01 4.379276813466607687e-01
7.775166633526690851e-02 1.963361073266288448e-01 9.874707677992154709e-02 3.532481434431105627e-01 5.508048846304021140e-01
7.775166633526690851e-02 1.963361073266288448e-01 9.874707677992154709e-02 3.532481434431105627e-01 5.508048846304021140e-01
7.775166633526690851e-02 1.963361073266288448e-01 9.874707677992154709e-02 3.532481434431105627e-01 5.508048846304021140e-01
7.775166633526690851e-02 1.963361073266288448e-01 9.874707677992154709e-02 3.532481434431105627e-01 5.508048846304021140e-01
7.775166633526690851e-02 1.963361073266288448e-01 9.874707677992154709e-02 3.532481434431105627e-01 5.508048846304021140e-01
9.627404741932055199e-02 2.696258428058726508e-01 1.267602377999861030e-01 3.661316778681829032e-01 4.790391009648852227e-01
9.627404741932055199e-02 2.696258428058726508e-01 1.267602377999861030e-01 3.661316778681829032e-01 4.790391009648852227e-01
9.627404741932055199e-02 2.696258428058726508e-01 1.267602377999861030e-01 3.661316778681829032e-01 4.790391009648852227e-01
9.627404741932055199e-02 2.696258428058726508e-01 1.267602377999861030e-01 3.661316778681829032e-01 4.790391009648852227e-01
9.627404741932055199e-02 2.696258428058726508e-01 1.267602377999861030e-01 3.661316778681829032e-01 4.790391009648852227e-01
1.602223178763439171e-01 2.327045078350928609e-01 2.011147177227174121e-01 1.681675206195434313e-01 1.660323198061447458e-01
1.602223178763439171e-01 2.327045078350928609e-01 2.011147177227174121e-01 1.681675206195434313e-01 1.660323198061447458e-01
1.602223178763439171e-01 2.327045078350928609e-01 2.011147177227174121e-01 1.681675206195434313e-01 1.660323198061447458e-01
1.602223178763439171e-01 2.327045078350928609e-01 2.011147177227174121e-01 1.681675206195434313e-01 1.660323198061447458e-01
1.602223178763439171e-01 2.327045078350928609e-01 2.011147177227174121e-01 1.681675206195434313e-01 1.660323198061447458e-01
1.269413389027350958e-01 1.794839507868688788e-01 1.588772777924410406e-01 1.333622811819069054e-01 1.312368956735321945e-01
1.269413389027350958e-01 1.794839507868688788e-01 1.588772777924410406e-01 1.333622811819069054e-01 1.312368956735321945e-01
1.269413389027350958e-01 1.794839507868688788e-01 1.588772777924410406e-01 1.333622811819069054e-01 1.312368956735321945e-01
1.269413389027350958e-01 1.794839507868688788e-01 1.588772777924410406e-01 1.333622811819069054e-01 1.312368956735321945e-01
1.269413389027350958e-01 1.794839507868688788e-01 1.588772777924410406e-01 1.333622811819069054e-01 1.312368956735321945e-01
1.306155093058321837e-01 3.301976414770689261e-01 2.106948045132109315e-01 1.423481961032363463e-01 1.400879907617471609e-01
1.306155093058321837e-01 3.301976414770689261e-01 2.106948045132109315e-01 1.423481961032363463e-01 1.400879907617471609e-01
1.306155093058321837e-01 3.301976414770689261e-01 2.106948045132109315e-01 1.423481961032363463e-01 1.400879907617471609e-01
1.306155093058321837e-01 3.301976414770689261e-01 2.106948045132109315e-01 1.423481961032363463e-01 1.400879907617471609e-01
1.306155093058321837e-01 3.301976414770689261e-01 2.106948045132109315e-01 1.423481961032363463e-01 1.400879907617471609e-01
2.691148521339017385e-01 5.267470616198473982e-02 8.238129562200939560e-02 2.559800456158844995e-01 1.910363111158375482e-01
2.691148521339017385e-01 5.267470616198473982e-02 8.238129562200939560e-02 2.559800456158844995e-01 1.910363111158375482e-01
2.691148521339017385e-01 5.267470616198473982e-02 8.238129562200939560e-02 2.559800456158844995e-01 1.910363111158375482e-01
2.691148521339017385e-01 5.267470616198473982e-02 8.238129562200939560e-02 2.559800456158844995e-01 1.910363111158375482e-01
2.691148521339017385e-01 5.267470616198473982e-02 8.238129562200939560e-02 2.559800456158844995e-01 1.910363111158375482e-01
2.868416283201898342e-01 4.067721069651834831e-02 6.477535221774780028e-02 2.681148178359032963e-01 1.714321354564639910e-01
2.868416283201898342e-01 4.067721069651834831e-02 6.477535221774780028e-02 2.681148178359032963e-01 1.714321354564639910e-01
2.868416283201898342e-01 4.067721069651834831e-02 6.477535221774780028e-02 2.681148178359032963e-01 1.714321354564639910e-01
2.868416283201898342e-01 4.067721069651834831e-02 6.477535221774780028e-02 2.681148178359032963e-01 1.714321354564639910e-01
2.868416283201898342e-01 4.067721069651834831e-02 6.477535221774780028e-02 2.681148178359032963e-01 1.714321354564639910e-01
2.346139221192931335e-01 2.918973331290136697e-02 4.899234305840986792e-02 2.161937556154230056e-01 1.361160514108285813e-01
2.346139221192931335e-01 2.918973331290136697e-02 4.899234305840986792e-02 2.161937556154230056e-01 1.361160514108285813e-01
2.346139221192931335e-01 2.918973331290136697e-02 4.899234305840986792e-02 2.161937556154230056e-01 1.361160514108285813e-01
2.346139221192931335e-01 2.918973331290136697e-02 4.899234305840986792e-02 2.161937556154230056e-01 1.361160514108285813e-01
2.346139221192931335e-01 2.918973331290136697e-02 4.899234305840986792e-02 2.161937556154230056e-01 1.361160514108285813e-01
